%YAML:1.0
---
RotateMatrix: !!opencv-matrix
   rows: 3
   cols: 3
   dt: d
   data: [ 1.0311096655372887e-02, -9.9939602454687448e-01,
       3.3185349262388905e-02, -9.9352932070243916e-01,
       -1.3993169126301552e-02, -1.1271060341579439e-01,
       1.1310689718276827e-01, -3.1808447584028766e-02,
       -9.9307353830015066e-01 ]
CameraPosition: !!opencv-matrix
   rows: 3
   cols: 1
   dt: d
   data: [ 1.5818998292182451e+01, 3.4608843259787740e+01,
       1.1649275907327623e+02 ]
ReprojectError: 1.1836023330688477e+00
